[[110010111001111001111000100010111101
1100100001111011000111111101]
[110010101001111001111000100010111101
1100100001111011000111111101]
[110011111001111001011000100010111101
1100100001111011000111111101]
[110010101001111001011000100010101101
1100100001111011000111111101]
[110010111001111001011000100010111101
1100100001111011000111111101]
[100010111001111001111010100000111101
1100100001111011000111111101]
[110011111001111001111000100010111101
1100100001111011000111111101]
[110010111001111001111010100010111101
1100100001111011000111111101]
[110010101001111001111000100010111101
1100100001111011000111111101]
[110010111001111001011000100010101101
1100100001111011000111111101]
[110011111001111001111000100010111101
1100100001111011000111111101]
[110011101001111001011000100010111101
1100100001111011000111111101]
[110010111001111001111000100010111101
1100100001111011000111111101]
[110010111001111001011000100010111101
1100100001111011000111111101]
[110011111001111001011010100010111101
1100100001111011000111111101]
[110010111001111001111000100010111101
1100100001111011000111111101]
[110010111001111001111000100010111101
1100100001111011000111111101]
[110010111001111001111010100010111101
1100100001111011000111111101]
[110010101001111001111000100010101101
1100100001111011000111111101]
[110010111001111001011000100010101101
1100100001111011000111111101]
[110010111001111001011000100010111101
1100100001111011000111111101]
[110010111001111001111000100010101101
1100100001111011000111111101]
[110010111001111001111000100010101101
1100100001111011000111111101]
[100010111001111001111010100010111101
1100100001111011000111111101]
[110010111001111001111010100010101101
1100100001111011000111111101]
[110010111001111001111000100010111101
1100100001111011000111111101]
[110011101001111001111000100010111101
1100100001111011000111111101]
[110010111001111001111000100010111101
1100100001111011000111111101]
[110010101001111001111000100010111101
1100100001111011000111111101]
[110010111001111001111010100010111101
1100100001111011000111111101]
[100010101001111001111000100010111101
1100100001111011000111111101]
[110010111001111001111000100010111101
1100100001111011000111111101]
[110010111001111001011000100010111101
1100100001111011000111111101]
[110011111001111001011000100010101101
1100100001111011000111111101]
[110010111001111001111000100010111101
1100100001111011000111111101]
[110010111001111001011000100010111101
1100100001111011000111111101]
[110011111001111001111000100000111101
1100100001111011000111111101]
[110010111001111001011000100010111101
1100100001111011000111111101]
[110011101001111001011000100010111101
1100100001111011000111111101]
[110010111001111001111000100010111101
1100100001111011000111111101]
[100010111001111001111000100010111101
1100100001111011000111111101]
[110011101001111001111000100010101101
1100100001111011000111111101]
[110011111001111001111000100010111101
1100100001111011000111111101]
[100010101001111001111000100010111101
1100100001111011000111111101]
[110011111001111001111000100010111101
1100100001111011000111111101]
[110011111001111001111000100010111101
1100100001111011000111111101]
[110010111001111001011010100010101101
1100100001111011000111111101]
[110010111001111001111000100010111101
1100100001111011000111111101]
[110010101001111001111000100010111101
1100100001111011000111111101]
[110010111001111001111000100010111101
1100100001111011000111111101]
[110010111001111001111000100010111101
1100100001111011000111111101]
[110010111001111001011000100010111101
1100100001111011000111111101]
[110010111001111001111010100010111101
1100100001111011000111111101]
[110010111001111001111000100010111101
1100100001111011000111111101]
[110010111001111001111000100010111101
1100100001111011000111111101]
[110010101001111001011000100010111101
1100100001111011000111111101]
[110011111001111001111000100010111101
1100100001111011000111111101]
[110010111001111001111000100010111101
1100100001111011000111111101]
[100011111001111001011000100010111101
1100100001111011000111111101]
[110011111001111001011000100010111101
1100100001111011000111111101]
[110010101001111001111000100010111101
1100100001111011000111111101]
[110010111001111001011000100010111101
1100100001111011000111111101]
[110011101001111001111000100010101101
1100100001111011000111111101]
[110010111001111001011000100010111101
1100100001111011000111111101]
[110010111001111001111000100010111101
1100100001111011000111111101]
[110010111001111001011000100010111101
1100100001111011000111111101]
[110010111001111001111010100010111101
1100100001111011000111111101]
[100010111001111001111000100010111101
1100100001111011000111111101]
[110010111001111001111000100000111101
1100100001111011000111111101]
[110010101001111001011000100010101101
1100100001111011000111111101]
[110010111001111001111000100010111101
1100100001111011000111111101]
[110011111001111001111010100010111101
1100100001111011000111111101]
[110010111001111001011000100010111101
1100100001111011000111111101]
[110010111001111001011000100010111101
1100100001111011000111111101]
[100010101001111001111000100010111101
1100100001111011000111111101]
[110010111001111001111000100010111101
1100100001111011000111111101]
[110010111001111001111000100010111101
1100100001111011000111111101]
[110010111001111001111000100010111101
1100100001111011000111111101]
[110011111001111001011000100010111101
1100100001111011000111111101]
[110010101001111001011010100010101101
1100100001111011000111111101]
[100010111001111001111000100010111101
1100100001111011000111111101]
[110010111001111001111000100010111101
1100100001111011000111111101]
[100010111001111001011010100010111101
1100100001111011000111111101]
[110010101001111001111000100010111101
1100100001111011000111111101]
[110010111001111001111010100010101101
1100100001111011000111111101]
[110010111001111001111000100010111101
1100100001111011000111111101]
[110010111001111001111000100010111101
1100100001111011000111111101]
[110010111001111001111000100010111101
1100100001111011000111111101]
[110010101001111001111000100010111101
1100100001111011000111111101]
[110010111001111001111000100010111101
1100100001111011000111111101]
[110011111001111001111000100010111101
1100100001111011000111111101]
[100010111001111001111010100010111101
1100100001111011000111111101]
[110010111001111001111000100010111101
1100100001111011000111111101]
[110010101001111001111000100010111101
1100100001111011000111111101]
[110011111001111001111000100010111101
1100100001111011000111111101]
[110010111001111001111000100010111101
1100100001111011000111111101]
[110010111001111001111000100010111101
1100100001111011000111111101]
[110010111001111001011000100010101101
1100100001111011000111111101]
[110011111001111001111000100010111101
1100100001111011000111111101]
[110010111001111001111000100010111101
1100100001111011000111111101]
[110010111001111001111000100010111101
1100100001111011000111111101]
[110010111001111001011000100010111101
1100100001111011000111111101]
[110010111001111001111010100010111101
1100100001111011000111111101]
[110010101001111001111000100010111101
1100100001111011000111111101]
[110011111001111001011000100010101101
1100100001111011000111111101]
[110011111001111001111000100010111101
1100100001111011000111111101]
[110010111001111001111000100010111101
1100100001111011000111111101]
[110010111001111001011000100010111101
1100100001111011000111111101]
[110010111001111001011010100010111101
1100100001111011000111111101]
[110011111001111001011000100010101101
1100100001111011000111111101]
[110010111001111001111000100010111101
1100100001111011000111111101]
[110010111001111001111000100010111101
1100100001111011000111111101]
[110010101001111001111000100010111101
1100100001111011000111111101]
[110011101001111001111000100010111101
1100100001111011000111111101]
[100010111001111001111000100010111101
1100100001111011000111111101]
[100010111001111001111000100010111101
1100100001111011000111111101]
[110010111001111001111000100010111101
1100100001111011000111111101]
[110011111001111001111000100010111101
1100100001111011000111111101]
[110010111001111001111000100010111101
1100100001111011000111111101]
[100010111001111001111000100010111101
1100100001111011000111111101]
[110010111001111001111000100010111101
1100100001111011000111111101]
[100011101001111001111000100010111101
1100100001111011000111111101]
[110010111001111001111000100010111101
1100100001111011000111111101]
[110010111001111001011000100010111101
1100100001111011000111111101]
[110010101001111001111010100010111101
1100100001111011000111111101]
[110011111001111001111000100010111101
1100100001111011000111111101]
[110010111001111001111000100010111101
1100100001111011000111111101]
[110011111001111001011000100010111101
1100100001111011000111111101]
[110010111001111001111000100010111101
1100100001111011000111111101]
[110011111001111001111000100010111101
1100100001111011000111111101]
[110011111001111001111000100010111101
1100100001111011000111111101]
[110010101001111001111000100000101101
1100100001111011000111111101]
[110011111001111001011000100010101101
1100100001111011000111111101]
[110011101001111001111000100010111101
1100100001111011000111111101]
[110010111001111001011000100010111101
1100100001111011000111111101]
[110010111001111001111010100010111101
1100100001111011000111111101]
[110010101001111001111010100010111101
1100100001111011000111111101]
[110010101001111001111000100010111101
1100100001111011000111111101]
[110011111001111001011000100010111101
1100100001111011000111111101]
[110010101001111001011010100010111101
1100100001111011000111111101]
[110010111001111001111000100010111101
1100100001111011000111111101]
[110010111001111001011000100010111101
1100100001111011000111111101]
[110010111001111001011000100010111101
1100100001111011000111111101]
[110011111001111001111000100010111101
1100100001111011000111111101]
[110010111001111001111010100010111101
1100100001111011000111111101]
[110010111001111001011000100010111101
1100100001111011000111111101]
[110010111001111001111000100010101101
1100100001111011000111111101]
[110010111001111001111000100010111101
1100100001111011000111111101]
[110011111001111001011000100010111101
1100100001111011000111111101]
[110010101001111001011000100010111101
1100100001111011000111111101]
[110011111001111001111010100010111101
1100100001111011000111111101]
[110010111001111001111000100010111101
1100100001111011000111111101]
[110010101001111001111010100010111101
1100100001111011000111111101]
[110010111001111001011000100010111101
1100100001111011000111111101]
[110010111001111001111000100010111101
1100100001111011000111111101]
[110010101001111001111000100010111101
1100100001111011000111111101]
[110010111001111001111010100010111101
1100100001111011000111111101]
[110010111001111001111000100010111101
1100100001111011000111111101]
[110010111001111001011000100010111101
1100100001111011000111111101]
[110010111001111001111000100010111101
1100100001111011000111111101]
[100010111001111001111000100010111101
1100100001111011000111111101]
[110011101001111001011010100010111101
1100100001111011000111111101]
[110011111001111001011000100010111101
1100100001111011000111111101]
[110010111001111001111000100010111101
1100100001111011000111111101]
[110010111001111001011010100010111101
1100100001111011000111111101]
[110011111001111001111000100010111101
1100100001111011000111111101]
[110011111001111001111000100010111101
1100100001111011000111111101]
[110010101001111001011000100010111101
1100100001111011000111111101]
[110011111001111001111000100010111101
1100100001111011000111111101]
[110010111001111001011000100010111101
1100100001111011000111111101]
[110010101001111001011010100010101101
1100100001111011000111111101]
[110010111001111001111000100010111101
1100100001111011000111111101]
[110010111001111001111000100010111101
1100100001111011000111111101]
[110010111001111001111000100010111101
1100100001111011000111111101]
[110010111001111001011010100010111101
1100100001111011000111111101]
[110011101001111001111010100010111101
1100100001111011000111111101]
[110010101001111001111000100000101101
1100100001111011000111111101]
[110010101001111001111000100010111101
1100100001111011000111111101]
[110010111001111001111000100010111101
1100100001111011000111111101]
[110010101001111001111000100010101101
1100100001111011000111111101]
[110011111001111001111000100010111101
1100100001111011000111111101]
[110010101001111001111000100010111101
1100100001111011000111111101]
[100010111001111001111000100010111101
1100100001111011000111111101]
[110010111001111001111000100010111101
1100100001111011000111111101]
[110011111001111001111010100010111101
1100100001111011000111111101]
[110010101001111001111010100010111101
1100100001111011000111111101]
[110010111001111001111000100010111101
1100100001111011000111111101]
[100010111001111001111000100010111101
1100100001111011000111111101]
[110010111001111001111000100010111101
1100100001111011000111111101]
[110010111001111001111000100010111101
1100100001111011000111111101]
[110010111001111001111000100010111101
1100100001111011000111111101]
[110011111001111001011000100010111101
1100100001111011000111111101]
[110010111001111001111000100010111101
1100100001111011000111111101]
[110010111001111001111010100010111101
1100100001111011000111111101]
[100011111001111001111000100010111101
1100100001111011000111111101]
[110010111001111001111000100010111101
1100100001111011000111111101]]
