00000000000000000000000000110110
00000000000000000000000100010001
00000000000000000000000110100101
00000000000000000000000110001011
00000000000000000000000000100010
00000000000000000000000100101000
00000000000000000000000011000110
00000000000000000000000100010110
00000000000000000000000011101111
00000000000000000000000101001001
00000000000000000000001000011110
00000000000000000000000001000101
00000000000000000000000011010011
00000000000000000000000000010101
00000000000000000000000000000110
00000000000000000000000111000100
00000000000000000000000101011111
00000000000000000000000010110011
00000000000000000000000100011000
00000000000000000000000001101111
00000000000000000000000001010110
00000000000000000000000111001100
00000000000000000000000100101101
00000000000000000000000101111011
00000000000000000000000010010000
00000000000000000000001000111111
00000000000000000000000101110111
00000000000000000000000110110001
00000000000000000000000100001001
00000000000000000000001000010001
00000000000000000000000001010100
00000000000000000000000100010010
00000000000000000000000000000110
00000000000000000000000010011101
00000000000000000000001000110111
00000000000000000000000001000110
00000000000000000000000011111100
00000000000000000000000010100110
00000000000000000000001000000101
00000000000000000000001000011011
00000000000000000000000010000111
00000000000000000000000101000111
00000000000000000000000101111110
00000000000000000000000111011010
00000000000000000000000110010001
00000000000000000000000001111100
00000000000000000000000000110100
00000000000000000000000000111111
00000000000000000000000001100100
00000000000000000000000111111111
00000000000000000000000011001000
00000000000000000000000011100000
00000000000000000000000101101011
00000000000000000000000101110001
00000000000000000000000101111110
00000000000000000000000000001011
00000000000000000000000011010001
00000000000000000000000000111000
00000000000000000000000010010010
00000000000000000000000010010001
00000000000000000000000011100000
00000000000000000000000011101001
00000000000000000000000111111100
00000000000000000000000000111011