[[111101011011110001111101
010110010101111100101100
001010001000001000101010
111000000001101011010100
101010110111010110101111
111101001010001111101001
110111010101110010111100
101000100110011011111000
011000000100001011101001
001111010110110010000001
101010100001111011100001
110100110101111101100010
010010100111110000001010
001001110000001100010111
001000001010111001110001
011010101110110011011011
111010000101000001011000
100000000001110010101001
011010100110001111010010
101100010000101111111110
000001011101101000010011
011000001111001110010011
000010001111011110111010
011000111011111111100010]
[010101001000011111010001
001010001000100011010111
111100000111001111100011
100100100001010000101100
101111000001011110101010
001100000000010110000101
110101111010000101000100
101111011101000010001110
111000100011001100000010
101100000100111011010100
001100000101101011101001
000101100111011100001100
110010101000001110111011
010001101100100011000010
101100101101111010100001
000100010010110100000111
010000010110111010011111
101101000110110110010110
011000000011011111001000
111000010011001101000010
011110001001100100100111
010111011100110101110101
111000000000101111101111
010010101101000100010101]
[001101011001001011000111
001011100011111100011000
011110110101101100111110
100101000000100000101111
101101100111010111101100
111110110100010000011001
101010011110111000111111
100011100101101011000111
110001000110001111011110
111110010100101011100001
011111110000110011011000
000100000011110000010111
000100111110110111101101
110011010100101100011111
000101100000010011111100
011011011111110101011001
111001000011011110010011
110110000011000001111111
111010110001011010011010
111000111000001111111101
000010110010111010000110
101110101001001100111000
111000011110100101011110
010001000100010111001000]
[000000000110110111000010
100011010101011110110100
000111101000101101111110
101000101111111100111001
111100010110101011001101
000000100110100000011111
000100101000100101111101
110111101111110100001100
010011011000010100101101
100011110101110001101000
101000010110110110001101
010110111010101000000000
010100011000101100111110
100101101010101001100011
100011011000101100111110
100001001001001111110000
001111001000100110011100
100011001110111101001000
011111001101010110111010
111011111111010001011011
111011100001100110011110
010000001100001101111001
011011110101000110010011
011101110110010100111110]
[011011111010110010111001
101000111001001111000000
001011000100011000000100
111100000001001110000011
110111010011100000000101
010001101101000100110111
101010101001010111001100
110100010111011101101010
110110111000011101111100
001100101001111110101101
011101011101110011001000
000110101001011111000001
010000110111011110111010
001001111110111010111000
111010101011001000111101
001010110111101111001101
100101000110011110011111
000011000010101100101010
000100110010010000100010
011010010010000010010010
110110111001011000001101
000110100010100110101100
100110000111011010010000
111101000101100100010010]
[101101111010111100100011
101000001000110111101010
000100111110011011000110
000110100111000101010000
010110010110110001011011
011110100101000011101011
110011010001000110100100
010011101100011011101001
001000011010000110111110
110001011011100101000110
110110000000110111100100
110111110100011110000111
011010000000000111010000
111111111011000110010001
101000100100100011001111
001110011010101000101111
010011000111011100000011
110001100101001110110110
101000000011011010110101
110010000110010010001000
101110110101001011101111
110011100101011101000100
001110000100111100111001
111010010100010000101010]
[001010011111000010001100
101111000011100100011010
110010111001010110110100
000001001001110100100000
100111011011101101101001
110010000110011010000110
011100111110000010110100
100011001010010100011100
111100011000110011000111
000111010000010111001100
010110011111111100000000
000000100100001101010001
010011101101001101011110
011101001010101010101011
010101000100100001111100
100001110000111100001110
001110100101100001010000
011110110011001010111110
000011100010100000101001
100010100100010100011010
000011000100010100110010
110101000101110111000010
010000000000011001000001
110011110110111110100110]
[000110001000010100100101
101101101001111011100001
100000111010010001000110
101100100111110110001011
010011010110110110111101
001110010001001001001011
100110100010101101110100
100101101011100100001111
011110100010100110111011
010011101011111111010100
101100100000000010101010
111010011100000101111000
100010101101011001010111
111110000101011000101101
001000011111110000011011
110000010011001100100010
010000100001010101010101
100010011110101111100010
011100101111011110101111
110100110100010110010011
010101101110111100000000
100111101100110100011001
000110111100001100101001
101110101001001001000011]
[011100100111110011100111
110011010100010011001001
000000111100001101010010
111000010100101001101010
101010011111000111101001
000100101110000001100111
101001010010101000001111
000000000101111100111001
011010001101001000000001
001101000011000001010101
110001101101111000101110
010111110110111101101001
011011000010011101000101
010101101100110000001111
010011010100001100010001
001011001101110101010000
001000010000010000111001
101111000100011111001101
010001100101010111111011
010001100110001001111101
011100111100101100011110
111100000001001011010110
001101001000001010010000
001000100010101000010011]
[110010010000111010001001
010011100001001011000111
101110101011000011000011
101111000110011011110111
101100110001011111011001
110100101010101110110011
101100111010001001010010
010001110000010010111110
110010001010011010110000
110000011011110100011000
111000001110100111010111
011101001001000101100000
011110011111011000110111
011001101101000100101011
100111010111111011111110
011101111100110010001101
010011000111010010010110
101011000011101111110110
011010011001101001111000
001110011000000111011101
001110000100010100000100
111010011100000001001001
010000010101100000110010
101010100110001111011001]
[100111011110101011100111
111010110110000011101011
101000111001000100011010
100100000010110000001000
111001010010111110010111
010101010010101001000011
101111010100100011010101
110011011100100000010011
000010111101000110011000
110011111100010011000100
001100001101110110101101
000111000000111110010001
000110111100100001111001
101011000000101111011011
011010101010010000110100
000111011100001111110010
011101000100000001000110
110111010001111010010010
111101010100000100100110
101100001100010001111101
110110110110011101101001
000011110100111111111100
001000100011111111111100
110100011101101100101110]
[101000000101010111100000
111101001011100101000111
010010110010100001100001
100111000111011110011101
011101100000101100001110
001111010001011011101111
001010010100001010100101
001100000111000000110111
001101101010001011110010
100100011101010001111000
101010100111001000101100
100011000110000000000101
100100010100010010001001
010000110011101110010101
100111101011000110110110
100010100111001001111100
000100100010110010000001
000001110001111010011110
011111010011110111101000
100110110010101110101010
011010011001001001010110
100100100011001110011001
111101001001110100111110
111110111101011010011110]
[110101001011010101000101
001010110000001000001000
001001001010010100111000
101111110110011111110100
011000100101011010010101
001000110100000100010000
101110011100101011011111
100010100010101000011000
001010011000101000001011
001111110110001101111010
001010001110010001111111
001010011010010011111111
011011101101000011101010
011000001110111101010111
011001101010100010000110
001100100011001000010110
110010111010111011000110
100111111000011111110011
011100010100110110011110
001110110101001111010010
111110111000011110110111
000110000100111011001110
101101101010101100011000
101011101001001001000100]
[100101011001100101011111
010011000010101100110111
011101010100011001101011
000010001110110110010010
100001011101000010100110
010100000001111111010110
110001110110010100001110
000110100100000001110100
110001010100111011111100
000000001000110110100111
010110001001100001100010
111010011110010100101000
100101000100100010110101
110100110101011100010101
011111111111001000010011
000001011111000111111000
101000001000000011110010
100110010110010111111010
010000101010001001000101
110110110101110111001111
000010001101010101011010
101111110010000011010110
111000111001011010110111
001001100001111100000000]
[010001010111100101010011
000000001011101101001110
000110101001011011110100
100111110100100100101000
001111110100011000011110
010011110010010101100110
010111110000110111100001
101001111000101001100100
001000001101011000001010
000010111010010011001100
001011010010010010111111
010100001101011011000000
000100011101100010110010
100011010101111101101101
110101110000101011010100
101111001001000101110101
101101000111111100111011
110101011000111000111101
011011101011010011011001
000100010000001110110011
010010000110110010001011
101000111110000001111110
010111010010110010010111
000110000101111011000010]
[011100011010100010111011
100111110010011100101000
101001001101111111000111
111010101000111011001011
011110010100100001111011
001100000000110110111000
000010010110111010010110
110111101110000101100001
011000110101101111001011
010110011000100101010001
101100000111111010100110
001000100000101111100100
111111010011100000001011
000011100100000101111101
110001101000111001010011
111001010101110000011011
001001001101100101001010
101111110101000110010011
101001000011100001001101
000000011101000010001000
000101110010000110101111
100001101000001010000101
111111001011011111100100
010000000001110000100111]
[011001111011111010011010
001001010001000110100010
111000110111110010100011
101100110000010110111010
111111011010000101000101
111101001110000100111100
001100111101110101001010
110010010000010001101111
000111000101100111101100
110000110011110000000100
011011100010110100101010
001001100100011100000100
100010000100101001100100
110101011111110111001110
010001010010111110001101
001001100101010100100010
100010110000100101011011
000111101010000111101101
001001010000010110110100
010011101011011111011000
100110111010111001101001
101101010000101011101110
111000111111100101011111
110100110001101110011100]
[100101100110000101011110
110110111011111101001001
101010100111010001110101
111010100110011100110110
010010110110101110011100
100011101100111011011100
100001100001110001000010
101000001101011100110111
101111100011010110000100
011010100010110111100010
110100111011100100001011
000111110101010001001100
000010101101001010011110
101000010000000001110111
011001101110111101000010
011000011110001000100100
010100101011110000101101
110000011011110100000001
000110011111011100011000
101110000101101010101011
100001001100001000001100
000010111000011100110100
001111110101111100100010
000011110010100010100001]
[001100011110011000010100
000000011110111110010000
111111010000011101011000
100111011011001001000110
110000101110100001111000
110111101011111001011100
010010011111100111001101
100000010010110011111000
011000001010111010111101
101000101101111010101101
110000111110011001011101
000100101110001000001111
101010100001101111010000
001101011000010100010000
100000110010100000011110
110100010001110000000110
000100000100011001100110
001111110011010011100011
011110110100010010000110
111111010111101111100011
101010010111110100001010
010101010000000100101100
110010100001100111000011
001100001101100010001110]
[010010111101001100000011
101111111110110010100000
110000100000111100110001
101010010010011010000101
100101110111010000001011
100010010111111011001011
111011110100101010100100
001001010011011110010100
101010111111110000101010
101100010110001011100010
111110100000010010110101
100111111010001110011011
111101000110011000000001
100011111101111001011011
111101101011000001111100
100000011110000100001100
101000010011110010011100
001001110011100111100101
010110101110011001000100
101101010010001010111100
101101101101001010000100
110000010001011100000010
000001100000011001000011
000011010110101110110101]
[110001110111110110000111
000101001101011010111111
101110000110000001101010
001001111001111110111010
110011000001000000011010
100011010001010000010001
100100100100111010101111
100011010101110001011100
100011100000000100110010
110011001100000110011001
001101111100000101001111
010001000010101011100100
100100101011110010011111
101011101001100111010101
011001111111001101010101
010101111110100001001010
001010010100011000001101
010000101011011101011100
100001011111010111100001
111110101001000101100111
110000111101110111000111
110011110101000001111100
010011011100001000011100
100010110101000001000011]
[001000111111001101000101
000000001000011001101011
001010110101011110000100
001010100000010011011101
000110001000001101111101
001111000101001011001011
101011011010101111100000
010101011010000101010011
010000100101101001101001
001111111100101100001001
100010111000101110010101
101011111001011000011001
100000100000110000110101
100110011101001001001100
110100101101001011010101
101110011011100001000110
100111100001000100101111
110011000101011111111001
011001010011000100001110
001100001001000111010011
011000101111100001100011
101011111001011101101111
001011111001110110001011
110100001111001010101011]
[111001100000100000001010
101011010011011100000011
100101111000110011000000
111000101111001001101100
111100010000010101111111
110100011010010011101100
010000111011100101101011
011111010010000111110100
100010110011101111001110
000001111111111101110101
010111110111110101011110
011001110101011000110100
000001111000101101010010
110011000101011100010001
010101001111000100010010
100100010001000100110010
110011100110111100100111
101101100101001001100001
010010110010101101111000
011111110010000001000110
101101110100000001100011
000001100101100101011000
100100000111100010000101
011100000000010010011010]
[110100011111111010000100
011101101100001011101010
001101011111001001110110
100101101111111000111110
100101100100000010001001
011101111000110100100000
111101000100101010101001
101000011110111111011110
100101100110100001000110
101001000101111000110100
000101100110110010111111
010100011011011100000011
000011000010111101001011
111001110011110000001001
011001001100110101011111
000111101111100111111111
001001110000000111110111
001100000011011010100000
011001110001100111011010
000101000101010001110111
101101110110111011110100
101001110101011000100000
111001111000001000101111
111000111001111001101011]
[010110101110101010001010
010001111100011100011100
010101110101000001101101
100110000000111101101100
011101100100101111110101
111000111110101001011100
010111011110010100010010
110111100001001011001001
000111100001000110001000
011110011100001000111100
001100111100000000011010
010101101111110001000110
100100111010110010000110
000010110010110101101101
011000001101111111100110
110100101111110110010100
000100110110111000111100
000100101111000110100010
111100011100010110000000
000100111111001101101110
000110111111010000000110
000100001000001101100110
000000101100001011000000
001110110110000111010010]
[010001001110001010111001
001110100000111010000000
110100101000010101111010
111101100101100001100000
001100010011010001111110
100110101010000010101010
110000100010100011110100
011011100101001010111100
001000011101110110110011
000001010110110111110100
010010101010111011100000
000110000001001010010101
101001101011001011101101
010110100010111011110000
001000011010111100000000
001110000101101101110101
010010101111000101111000
011110000001101111000000
001010110110011100010100
000101101111011001101111
101001101011001011100001
011100011011010000001000
100001110101010110001011
111001001100001011110110]
[110011010101100000100100
011011110000011001100101
001010011010100010000001
111001110000100101101000
100111111010100101100101
111111000101000001100010
011100110111000011110100
111110111000101001011111
101000000110101110111111
011110111001111000000101
001011110011110100110000
010011111011100000011010
010001110011000110110011
111101000011101111001000
110010111000001000010011
011101001101011111101100
010001101000010010001100
101100011110001011001111
001000001010001100001001
110110001000111101100101
010111101011010111010010
101011001001000101010001
111000001111110111111100
000101000001100111100000]
[011110011000100000111101
010100111101111000010001
100100000001101000000100
101001010100110010011000
010010001110100100100010
000011011110100101110100
101000000110101010011000
001011011010010000000110
110110110110101110000101
000000101001110010001110
011011001110001000111000
000010010100000111101010
101001000000101100111001
000110100001010100000100
100100000111010000111010
101000011001101011000100
001101001010110101001110
100011011110010100110110
101011100111001001000000
110101000010101111000111
011011100100000110011111
000110000110110111001011
101001101000110011010101
000011100000011110111000]
[011110010111000101110100
101110100011111101100000
011100000100011111000000
000111111101011001010101
111001010011111101000010
011001100110000111101011
100010110000110000100011
101110011110001111000001
000100010101000001111111
110101100110110101000000
011101011111001011111000
011101110110100110101100
111010111111100000010100
000100010000010100010101
001111001101100011111001
110100101111010010111010
101101100000010010010110
001001111110101000100100
001110111110100111101000
010001111111100100000111
011001010010010011110011
000111111010010101101111
110010100101100001011000
000101000100110111111101]
[010000011100011100100110
010011011100001101101111
111110000110010000100110
000011011001100100111111
000110100100101110000010
101010101010100000101001
110011000100001011110010
100101010110000011000111
010011001011111111101010
011011110001010111011010
100011110011010010011000
010010010010100111000110
101010111010101100110110
000101110010110100110100
001010001000001001000110
011000011000000110100011
101000101101111011011110
110010001110111010011101
011011100111001000100010
000011110000101101100100
011000001110111011001011
100110110001010100111111
101000010110010011011001
011110101101110101111000]
[000101111101001001001100
111010100100101000011110
011110110000010001001010
110110111100001001011101
101001100100100100100011
010100000101100110111001
100010111000100101111010
110110001111010100000100
111100111011111111011100
100111101101100001001100
011101010110101100110101
010000101100101010111011
011000011000111000111010
011111101001010100010001
000110001101110010010010
111010011111000111010100
101000101101110001011000
100110010011100111000110
110011010000101101101110
101111101011001100010100
101111000001010111111101
101101010100101011010010
111110110101101111101100
010100000001011110011101]
[001101010100101111011010
000001011101101011010010
100101100110011000101111
100101110001111010001011
010011111100100001101100
100111101001100010101101
110001010010011000111001
110010111100010101110000
001110000101011010101100
110001100000100110110001
100000101111000000001110
100011101100001111001111
001101010111111100111010
100101011101011010101001
111101101111111011000100
111101001011111110111110
110110111110001110001110
101011011101100000011000
101101010001100001010100
111101001001011010110101
011101000010001101001110
110111101110010010101001
010000010000101111001100
100011001011011000111000]
[100110001011111011111001
010010001000001001001010
000011100010000101000011
010101000101111001011100
010000000011011100001100
110001110110001111010100
010000111110110001011100
101010100011010011000111
000101011101000111010111
000011001101110000110000
100001000100011111011001
010111011000010101111001
101111100111100101011010
011000100011111111001111
010111111110110100110001
011010111100001110000100
001000101100100001010100
011101110101010110101011
101010010110110000011101
100111000000111011110000
000111110001100000101010
001011011011100000110101
001011100101000011010011
110111101110100101000001]
[110101000011011110110111
000110101100011101001000
010100101111110110100000
111001111011111110110101
110000101010110110001111
110000111101100110010111
000101001001101011110001
100011000111111110101111
000100111001101011000101
010011111100000010001100
111011110000000001001110
111100111111000001101000
100111110111101011001111
100110111111101011110110
101000100011000001010111
011001100001111010010000
110011111000110011000100
011010111111110011010110
110001010011100101010001
011011110001101110111100
010000000100001001011111
111011110000011101010100
110001100101100100001000
001101011110100000010101]
[010110001101001101110100
101000101111010010101010
100001011110011010000010
101100100101101010111001
110110101010101000101000
101101011011100111000101
100000110111100100111101
010100011010111000110110
011111100011100111010100
101000001111001011100110
111000010100100101101011
111111010101001010001000
110111101101011010001010
111110001011010000001110
111001111000011111001001
100110001010001010110000
100110001011001101010111
111100010010111110111001
011000000000000110000010
011011010010110111010010
001100110010011000110110
111111011000100001111001
111011110010010111101001
011001000101100100110001]
[000010101000101100110000
100011101000101101011000
010110110011011010001000
001011100101111001111011
101110100010101001000111
010000011001111100001110
111011111011000100010111
000101010110101101101101
110001110101100100101101
000110001010001101111110
111011111011010101110000
111111010010000000101010
001101001100100001010011
010000011011010111010100
110010111110001001010010
101111111111000010001111
101011101000101100110011
000111010101101000101010
110001101110110001110010
110001111101010000011100
010101011111110010111000
100010011100100010000001
110110111001000111000010
001010111100000110011011]
[011011001101110111110001
100011111001111111001100
111001000011111000010011
001101111110000100011111
111101101010000110101001
011110011110101110001010
000011101110110101010111
001101000100011011111001
111010000011100011100101
011101101111110011000111
111001111010100101011011
101111010100011111110101
001000110001101001011100
011110011111101010101100
011000000011110010001011
001011011111001101110101
011011111010101001111001
011101101111111001011010
100011101011100111000110
100010100100101010010100
101111010001000100101101
101001100101111000100100
101011011001000001000111
110100101111001110111111]
[111000011111011001011001
001111111110111011111000
011011100111000100011011
001111010011110110111000
100011001110101101000110
011110111010100000101100
000000000001101100110110
010110010101100011010011
011011001111100001010100
010110101000001010110011
000010111010011100111000
111101110001010000001101
110101100010011100110100
001111011100111110011001
010001100101111011000100
010101011101001101011011
111000001100001110101110
101010001100101101001110
101100000101111011101010
010001011010100111010111
000110110111101000111010
011001111001110011010100
000001010110000010101111
010101101000010100011000]
[001111010011100010110001
011001101100001110100010
001111101110110010000101
101110011000100011110000
110000111101110110011010
001011100001111010000000
100111010000100110010100
010111100010010011100001
000100101011110001100110
100010110001000011110101
010101000011111010100111
111000011010100101111111
100000110001110010001010
000011101001110000000101
111000000000101111000100
101111111100000110111101
110001100110000100001000
111000101111001000011101
011001101011110000101100
001001001010000010001011
110101000100110011001111
001010001010111011101010
110001001111100101101111
111111010110101110111110]
[001011011010111010100110
010111111000100011111011
111110001101010111011101
011010111001011000000100
001001000101000001100001
110110000000001101111000
000100010100010010010110
001111101001000000011111
111010101011100110101100
101010000101010011110001
101000100111100110111000
010011001110101000101111
010010111111010100000100
101001000011110000110111
011010010110111110100000
111100001010000000111001
010110011010111111100001
011010010011011110110001
100110101001100001111111
111110011101100000111100
100010110110000001101001
001111000001001110101100
101010000000000111101010
111001010111100101000101]
[101111011000111110010010
111110100111000101111010
100001110100000000000000
111111100100101000001110
000111111001011111000010
000111010000010100011110
001110111011011100101000
001110111001010001100001
010001000001110100100000
101011110001010001111101
100001001011111011000111
000010111001000011100101
000101000001011100001010
100110010101100010001001
110011110011011011001111
001000101100010010011110
001010010001000011110111
010011010100100100011011
011000110100001000011011
100110111110100011110011
100110101011011000110011
101110001111101101011000
111110001110100000111010
010011000100100111100011]
[011110101111000101100110
100011110100011001010001
101110101001010010000000
000010000000010001001000
110010000010001010100000
110110101000000011011100
001100001010111011111100
000011000101110011101100
111101101000001100001001
010110010010010001111010
001110101100001111010101
110101101010101110010101
110111101011001110111100
110111001101000001100001
001000010000111010100000
000011111101001110111000
000001110000111110110001
101010111101001110101111
001010000111010010000101
101101111111010100100011
111010100000000011001100
101001001110111101101110
010111101001111110100111
110100100100011000010000]
[100110001010101011100111
100100011001010011011010
011111111001010111100000
010000100001100011000010
111001010100011011101000
111101001011110101001010
110011110110001010011011
011111010000011111100101
110100101000011100000110
010111110110001111101111
010100011011011100010011
000001011100101011101101
011110101110100010001000
101001101110000111000000
100111011111101110100111
001100110011000100100011
111101011010010111110111
111111001100101111100111
100101111110110101111000
000011001101011111011010
110001100101010100010011
111010111011110011010101
100101001011011100100101
100000111000110001010110]
[110101000000100000101110
110010110010001001101110
101110111001101100100100
110011001011101101111100
101011000100000001100111
000000001100100011010101
101110001110001011101110
011110011010001111010111
100001001001001010011001
111001101100111011111101
011010001100101001101000
011101010111111010001101
001110000101101100110101
111110011100001010000100
011010100010111011000001
001010101001001010011011
010010001001010000100110
010101111111001000001110
000101101011100101010100
111010010100001000001110
001110010111101101000111
100011101001111100010010
011110100110010111011101
010000010001100010111101]
[000101100010110000000101
011000111110011011000010
101011010011011000001100
000100000010111110011110
010100001101000101010111
001000001110000100001010
010010100111111111101100
101010011001100000010101
010011011000000011011101
110100010111101111100100
101111101100010001111011
010000001100111100001011
011000110011001001101011
000010111011011110010100
110111111010011111011100
111111100001111110100100
001001010010011011101100
100010101000101010000011
000000011111010110011011
100000001110001100100111
000011110101010011011000
000110011000010110101000
001001011101110011101101
101110110000000111010000]
[110110011101001100111111
101001010010101000111101
011100111110000100110000
110100100000101101111010
101101110110001111111011
111110111111111000101101
110001000010111110010101
001100100000101001010010
100101111001110011001001
011000010100011000000100
010001110100100100010110
011111101001100001011101
101000011011111110110010
111100011001011100010010
110111101010011111100100
111100000110101000000011
101010000110000101110101
110010011101111010100101
101011111100011010110010
010011001011010100010111
011111001001110111101111
101110110011101111010010
001111001010011101110111
010111110100100000100001]
[001011101010011101010010
011110101111110001000001
001010010010000111000011
111011100110000010100011
110000100010010001000011
010001100101110100100110
100101110011111011110000
001010100110011010110011
101111110010000101010000
000011100011101001110100
100111011001110011010001
110001111000001111100011
101001110011100000101101
111101111100111110100100
000101100011111111001111
011100100110000010101011
110011101110111110111100
001000011110100101011110
111011110000000100010000
111111000010010110101100
001110010000001111000000
110111011100111111000111
110000100001001010110001
000011001001110110111100]
[000111110010100000101000
110001001110011101010110
101001000101111111101011
000100101011101110011000
010011010001111000001010
101100110011000100011000
110101000011110111000110
100011010110100110000001
010110101000011110100001
100100110110000001111101
100100011100010010011110
000010111101101100000000
000011000110011100111010
001100110000101010110110
101101010110010011010101
110110010011100101001011
011110011100010101111001
100001011000011000001110
000100110000011000101111
111100011001011111100101
110100011000111111100000
001100100000100000111011
010100100011010001111101
000101101111001000000011]
[001000000101101001100010
001110111011000101101101
111000110101100010001010
011110100100010111111100
101110111011000110101011
111000101111000101111001
011111111111101111111010
001111101110011010111110
011101001100001010011111
100100010110010101011101
001111111000101001110001
010100110111101101111110
001101100101001011000100
101101001000110101011001
010010100110110011010111
010011000101011000100101
111110110111000110001001
100110000000110011101010
010010010100100101110100
001111100100000010000001
100100010101011010001010
000110001001101101001000
110100100111010000111110
000011110001010010000000]
[111000011100010101101111
110001010011111111101000
101100110011001011000100
110001110101110000011100
111111011010110101111111
001101100010100111110111
001110001111010100001110
001110100101100110011101
010100010000001010110110
101101001001001101011110
110001100101111001111011
000101010101111000101101
100111110011011010000100
100101100001100110110100
110110110010001111010001
000110100010101000110101
000011101011001010101110
110011100001010100110111
100101010111100011111010
001110100111111111000000
100111101001110000101101
010110101011001000010001
111100010000110010000001
100001010001111011110001]
[000110100011001100000100
101111001001110100011100
110011110111000100011110
100001010001111100101011
001011101110010010111000
101000001111111100100101
110001011111011000011010
100011110011011001101000
111110110010010000010010
011110010001001011111110
110010000011001011101001
110100101001100110000000
000001001110011101011001
101000111110100011110011
111010111101100100011110
101101101001100011101010
100011101100100111001001
100000001011010001111010
011110010101111110000101
010010101100100001010000
001000111001001100110011
111111101101011101101001
011101001001110100110111
001111010011001111111101]
[110001111100101110011101
111010001111100111100001
101011001001100001001000
000011011111010101111100
110100110101100000001110
001110000110100100101000
101111001100011100000100
101110100001010111100111
011001111101110001100101
000100111101011110100011
011101010001110111111001
011001000101111000011101
000011101110101001000110
101000000001110011011110
111111001001010100101000
011100110000100100001101
001001101100101111010010
101101100111111101101100
010100011110110101000110
110101110000000111111010
000100101001000110011011
111101101111101110110100
010100101011111110101111
001000011001011000010010]
[011101001111110111011110
010001000110010111111111
110111110100001100100110
101100011111010011101000
001111101010000011010101
101101001001111000000010
001010110101100111010101
101001011000011010000001
100110101001010100011111
111010000100111111110001
011101110101111001000111
101100011100001011010100
000010000001111101010110
100001001101001101010110
010011101001001001010100
011101011000001110011100
011110110011001101110000
001010000110000000100000
001001110110011100010011
101100011110010000100001
110100111111011100001100
100000010011111011010001
010010001001010111000000
100001110000101001001111]
[101010010011101000010001
101011101011101100100100
000001101100101011001100
001101100101100100101010
101010011000110001011011
011001011000010111110110
000100010111111100111000
110001010010111100111000
010000010111011111010111
001111101101011110010001
100101011001011011101111
010000001010011011110000
000110010101111011000100
001011100000011001000100
111000000100000110111000
001110101101011001000001
010111001011101001001000
001010000101100101101010
000100101001011011111011
110010010000001100001110
011010001111111010111111
010101100100101000000111
001100100110011111101111
100111000100010001001111]
[111111010100101111011110
100011011001011000111001
111000110111000111110110
000101001100001110001000
001010100001100011110110
100100011011001100101110
101000101011010101010001
100101111001011101001111
001100010001101000110011
111000101001101001111000
111000001000010100010011
010000110010011100000001
001001100010100111110110
001001110010000110101010
100010000100000100111101
100101111000010011000111
001100101111110111101000
110111100100000101011110
101011000101000011110110
100011011100110110110000
110001001010001011001101
000011100010110000001010
110010111100000110110001
000011111000111001111110]
[000110100110110010010001
010111001100001011010101
101110101100100100000010
001011110111100010101111
110111110111001001101101
001001111010100101111010
011101000001111110000010
100011010001011111001101
000011000001011000101101
110111001011101110101001
100111111100100011010010
110100101111101100000010
000111100000000011000110
001010100000101010110000
010000001100001100101110
010100011111010000110010
110111100000001100110000
000100110001100000011110
010101101100111001101110
100011101010100111111000
100101101100000101000001
010010000001011100001101
101000011101011111001100
111111101001010110110100]
[100001011000001101101001
101001110110010011111000
100001111001010010111101
001001011011011011001111
011111001101101011110010
101011010001110111110100
101011111001110101000010
100001010011100000010101
100110110100010100001000
011110111100110000111010
010101101110100111001000
100101100010010111001111
001110011001111010000010
001110110001110011101110
011111000011101011000011
111001000001010011011001
100101010111011110110100
101111011111010010000100
110110011001001010110000
111101011100001110001110
010011100000100101100100
000011110110000110101000
100101000110101011100000
100011110010011001111011]
[110000111010010111110001
011000101010100101110010
010000111000000001010011
111001101111000111001101
000001001101011011001011
110000100011000101100111
001011010110100010100111
101010011110000110001010
001001010111110001100111
111010001011001011110000
001111001001110011100000
000010001100111110100100
001011000100111010101111
111000100000000010011010
001110001011011110111010
100000000100111101010010
111010100111110110100100
111001010101011001110011
011011110011101111110000
111001101100011000000111
010010101011001101001101
001010000110011101101101
101110000110010101011110
011101001110000010100000]
[100101100110100000001111
001010000000100110101010
001101110011110001101011
101101101101001001001010
011001110001100000111011
101000111111101000101110
010101010100010100001010
000101101101010011010101
011100000110001001000101
000111011011110111010111
000100100110000010100111
110001010001101100001110
000011000110010110011101
000111001000000011010111
101100111000100000111100
000111111011110111010110
000101110111110110000011
001111010101010010111110
001110010111000001010101
001001100000000110000100
011011011110101100000011
010001101010010011111010
001100010100101100110010
110000011100011011011000]
[110000111110000100000111
110100101100101110011011
110111010110001001010100
011110111101011101001010
110011001100010101010100
111101000101111100010011
100101110010000000001110
111000110010100100101000
010010101011111101100001
111101010111011001001010
000111110110100001000101
010100011010000110011110
100101011100000111010111
001101110101101110100100
100011111100110101000001
010000100111111101110001
011110101100101110101101
011100100101110101100101
000111111100100010111001
111011010001100101110100
110010001010110011010010
001000110101001110101101
011000111110100010101110
110000111000000001100011]
[000011001001101110001100
111011010110010010010110
000101001100111001100101
001111001000011001000110
111111001011101101001010
100000111100011111101000
011001111001010100101111
000001011110010100101010
001110100100010011100011
100111110110001001001110
100011011111111010110101
011101111010011011100100
111111110010000001000000
001111011000000100000010
011101001000000001100110
110010100111011011101110
001110110000010111111000
101100101100000011100100
000101011000111111011100
010101011111111011011001
001101000111110111110011
100110001100100010110011
011101110100011101110001
010001110010011100100101]
[110011100101101100101000
100110100111010111101111
010010001110101101100101
010110110011011100110010
000001101000100001000101
010100000011100111101000
010011100111011000011111
000101111011001000001010
010110010101010011101010
001111111111000001010100
110001100101001000011101
100001011011000000111110
010111101000100010111100
100110100011000011001100
001111011110011100111001
101011000110001010000011
001010010110111100010101
000111110111011011010001
000100100101110100011010
010100001100101001101100
001000010101100110010010
000110110011010001001000
001101100000100101100111
101000100101101100110101]
[100101010101000111110101
010101001001110100111101
011001000110100101101100
101001100001001101111010
000100000100011110110111
001011001000000000011000
010010000010110001011000
000111010011010001101001
110101110101101100110110
010000110000110111111001
010010100000011011101111
110010101000001110011101
000110001100001101101000
001000101001011111001001
111100110111111011111011
011100110101011011011011
110000101011000111010001
101000001011100100000100
001110111101100110011101
010100100100000110010000
010010011011010001101010
111000010111110001101110
001001100000000110111010
100101000110110101100011]
[011011100101010011011011
010010010011001100100001
011101011011111000101001
001111011100111110110001
000001111011111101111001
111111001100001101111110
010110101011111111110011
101011100010010101010101
100011000000100101000101
110000000101000111011110
010000101100111001000110
101100111110001000011100
111110000110100110011001
111110000111010010110100
110101011100111100101001
010001101100011100000100
001001011100000000011011
001110111110010001110010
111101110001100010001111
111101001110000100010100
110110101010000000100101
110011010110100101010110
010011111101010010100100
111110101101000101011101]]
